7.43885	1	84	5.7005	1	46	4.91755	1	46	0	0	0	0.24003	0.238893	0.242187	0.240031	0.23827	0.241723	0.43155	0.427747	0.436627	0.431552	0.427083	0.43452	1.7979	1.79791	5.24839	
7.43885	1	84	5.7005	1	46	4.91755	1	46	0	0	0	0.24003	0.238893	0.242187	0.240031	0.23827	0.241723	0.43155	0.427747	0.436627	0.431552	0.427083	0.43452	1.7979	1.79791	5.24839	
7.43885	1	84	5.7005	1	46	4.91755	1	46	0	0	0	0.24003	0.238893	0.242187	0.240031	0.23827	0.241723	0.43155	0.427747	0.436627	0.431552	0.427083	0.43452	1.7979	1.79791	5.24839	
7.43885	1	84	5.7005	1	46	4.91755	1	46	0	0	0	0.24003	0.238893	0.242187	0.240031	0.23827	0.241723	0.43155	0.427747	0.436627	0.431552	0.427083	0.43452	1.7979	1.79791	5.24839	
7.43885	1	84	5.7005	1	46	4.91755	1	46	0	0	0	0.24003	0.238893	0.242187	0.240031	0.23827	0.241723	0.43155	0.427747	0.436627	0.431552	0.427083	0.43452	1.7979	1.79791	5.24839	
7.43885	1	84	5.7005	1	46	4.91755	1	46	0	0	0	0.24003	0.238893	0.242187	0.240031	0.23827	0.241723	0.43155	0.427747	0.436627	0.431552	0.427083	0.43452	1.7979	1.79791	5.24839	
7.43885	1	84	5.7005	1	46	4.91755	1	46	0	0	0	0.24003	0.238893	0.242187	0.240031	0.23827	0.241723	0.43155	0.427747	0.436627	0.431552	0.427083	0.43452	1.7979	1.79791	5.24839	
7.43885	1	84	5.7005	1	46	4.91755	1	46	0	0	0	0.24003	0.238893	0.242187	0.240031	0.23827	0.241723	0.43155	0.427747	0.436627	0.431552	0.427083	0.43452	1.7979	1.79791	5.24839	
7.43885	1	84	5.7005	1	46	4.91755	1	46	0	0	0	0.24003	0.238893	0.242187	0.240031	0.23827	0.241723	0.43155	0.427747	0.436627	0.431552	0.427083	0.43452	1.7979	1.79791	5.24839	
7.43885	1	84	5.7005	1	46	4.91755	1	46	0	0	0	0.24003	0.238893	0.242187	0.240031	0.23827	0.241723	0.43155	0.427747	0.436627	0.431552	0.427083	0.43452	1.7979	1.79791	5.24839	
