9431.71	1	67845	10.811	1	158	10.068	1	158	0	0	0	0.239878	0.238961	0.241047	0.236863	0.235517	0.237841	0.431294	0.428599	0.43427	0.425885	0.423246	0.428354	1.79797	1.79803	8.26707	
7.43885	1	84	5.7005	1	46	4.91755	1	46	0	0	0	0.24003	0.238893	0.242187	0.240031	0.23827	0.241723	0.43155	0.427747	0.436627	0.431552	0.427083	0.43452	1.7979	1.79791	5.24839	
6.91448	1	81	5.41789	1	37	4.62891	1	33	0	0	0	0.24003	0.238893	0.242187	0.240032	0.238267	0.241727	0.43155	0.427747	0.436627	0.431555	0.42708	0.434527	1.7979	1.7979	5.0317	
6.89207	1	77	5.40635	1	32	4.61705	1	29	0	0	0	0.24003	0.238893	0.242187	0.240033	0.238267	0.241727	0.43155	0.427747	0.436627	0.431555	0.42708	0.434527	1.7979	1.7979	5.02291	
6.89371	1	77	5.40634	1	32	4.61706	1	29	0	0	0	0.24003	0.238893	0.242187	0.240033	0.238267	0.241727	0.43155	0.427747	0.436627	0.431555	0.42708	0.434527	1.7979	1.7979	5.02292	
6.89371	1	77	5.40634	1	32	4.61706	1	29	0	0	0	0.24003	0.238893	0.242187	0.240033	0.238267	0.241727	0.43155	0.427747	0.436627	0.431555	0.42708	0.434527	1.7979	1.7979	5.02292	
6.89371	1	77	5.40634	1	32	4.61706	1	29	0	0	0	0.24003	0.238893	0.242187	0.240033	0.238267	0.241727	0.43155	0.427747	0.436627	0.431555	0.42708	0.434527	1.7979	1.7979	5.02292	
6.89371	1	77	5.40634	1	32	4.61706	1	29	0	0	0	0.24003	0.238893	0.242187	0.240033	0.238267	0.241727	0.43155	0.427747	0.436627	0.431555	0.42708	0.434527	1.7979	1.7979	5.02292	
6.89371	1	77	5.40634	1	32	4.61706	1	29	0	0	0	0.24003	0.238893	0.242187	0.240033	0.238267	0.241727	0.43155	0.427747	0.436627	0.431555	0.42708	0.434527	1.7979	1.7979	5.02292	
6.89371	1	77	5.40634	1	32	4.61706	1	29	0	0	0	0.24003	0.238893	0.242187	0.240033	0.238267	0.241727	0.43155	0.427747	0.436627	0.431555	0.42708	0.434527	1.7979	1.7979	5.02292	
