8.85124	1	101	5.67374	1	51	4.86779	1	51	0	0	0	0.24003	0.238893	0.242187	0.240035	0.238273	0.241727	0.43155	0.427747	0.436627	0.431557	0.4271	0.43453	1.7979	1.79789	5.23267	
7.43885	1	84	5.7005	1	46	4.91755	1	46	0	0	0	0.24003	0.238893	0.242187	0.240031	0.23827	0.241723	0.43155	0.427747	0.436627	0.431552	0.427083	0.43452	1.7979	1.79791	5.24839	
7.41262	1	110	5.69748	1	53	4.91668	1	53	0	0	0	0.24003	0.238893	0.242187	0.24003	0.238267	0.241727	0.43155	0.427747	0.436627	0.431552	0.42708	0.434523	1.7979	1.79791	5.24904	
7.41569	1	110	5.69778	1	53	4.91749	1	53	0	0	0	0.24003	0.238893	0.242187	0.24003	0.238267	0.241727	0.43155	0.427747	0.436627	0.431552	0.42708	0.434523	1.7979	1.79791	5.24923	
7.41569	1	110	5.69778	1	53	4.91749	1	53	0	0	0	0.24003	0.238893	0.242187	0.24003	0.238267	0.241727	0.43155	0.427747	0.436627	0.431552	0.42708	0.434523	1.7979	1.79791	5.24923	
7.41569	1	110	5.69778	1	53	4.91749	1	53	0	0	0	0.24003	0.238893	0.242187	0.24003	0.238267	0.241727	0.43155	0.427747	0.436627	0.431552	0.42708	0.434523	1.7979	1.79791	5.24923	
7.41569	1	110	5.69778	1	53	4.91749	1	53	0	0	0	0.24003	0.238893	0.242187	0.24003	0.238267	0.241727	0.43155	0.427747	0.436627	0.431552	0.42708	0.434523	1.7979	1.79791	5.24923	
7.41569	1	110	5.69778	1	53	4.91749	1	53	0	0	0	0.24003	0.238893	0.242187	0.24003	0.238267	0.241727	0.43155	0.427747	0.436627	0.431552	0.42708	0.434523	1.7979	1.79791	5.24923	
7.41569	1	110	5.69778	1	53	4.91749	1	53	0	0	0	0.24003	0.238893	0.242187	0.24003	0.238267	0.241727	0.43155	0.427747	0.436627	0.431552	0.42708	0.434523	1.7979	1.79791	5.24923	
7.41569	1	110	5.69778	1	53	4.91749	1	53	0	0	0	0.24003	0.238893	0.242187	0.24003	0.238267	0.241727	0.43155	0.427747	0.436627	0.431552	0.42708	0.434523	1.7979	1.79791	5.24923	
